#########EVAL#########
               Class:  Precision     Recall  Instances
          Sandwiches: 0.07692308 0.04411765        170
           Fast Food: 0.25000000 0.10810811         75
             Burgers: 0.22222222 0.15384615        193
           Nightlife: 0.69458128 0.82456140        562
                Bars: 0.68627451 0.81871345        562
             Mexican: 0.08333333 0.10000000         60
  Breakfast & Brunch: 0.17241379 0.10869565        135
             Italian: 0.30769231 0.19672131        155
               Pizza: 0.24444444 0.20370370        149
American (Traditiona: 0.48000000 0.46875000        386
Accuracy: 0.6744
