#########EVAL#########
               Class:  Precision     Recall  Instances
           Fast Food: 0.20000000 0.02941176         87
             Mexican: 0.50000000 0.00000000         41
          Sandwiches: 0.13043478 0.05454545        159
               Pizza: 0.18421053 0.14285714        140
  Breakfast & Brunch: 0.20000000 0.09803922        122
           Nightlife: 0.74782609 0.92473118        575
             Italian: 0.15555556 0.14583333        154
             Burgers: 0.23287671 0.22666667        212
                Bars: 0.75342466 0.89189189        573
American (Traditiona: 0.51572327 0.61654135        397
Accuracy: 0.7096
