#########EVAL#########
               Class:  Precision     Recall  Instances
          Sandwiches: 0.22727273 0.08620690        163
             Italian: 0.12765957 0.14285714        148
American (Traditiona: 0.53521127 0.59842520        376
                Bars: 0.72549020 0.80434783        551
           Nightlife: 0.73786408 0.81720430        556
             Burgers: 0.21818182 0.16216216        209
             Mexican: 0.00000000 0.00000000         57
           Fast Food: 0.09090909 0.04000000         82
               Pizza: 0.14285714 0.12195122        152
  Breakfast & Brunch: 0.14893617 0.14000000        159
Accuracy: 0.6988
