#########EVAL#########
               Class:  Precision     Recall  Instances
               Pizza: 0.06451613 0.04255319        133
           Nightlife: 0.73333333 0.76470588        556
          Sandwiches: 0.25000000 0.22580645        173
  Breakfast & Brunch: 0.14814815 0.08888889        143
           Fast Food: 0.15384615 0.10000000         81
             Mexican: 0.00000000 0.00000000         51
                Bars: 0.72251309 0.74193548        553
             Burgers: 0.32075472 0.26153846        201
             Italian: 0.16666667 0.13043478        137
American (Traditiona: 0.53333333 0.55384615        415
Accuracy: 0.7004
